A,B,Class
-0.380352,-0.390977,1
-0.41668,0.214674,1
-0.974757,0.263573,1
-1.129312,-0.387884,1
-0.867611,-0.226268,1
0.619771,0.025771,1
-0.996005,0.654919,1
0.456408,-0.93646,1
0.942539,-0.065533,1
-0.420138,0.606288,1
0.035121,-0.637674,1
0.321086,0.870754,1
0.748663,-0.719158,1
-0.490811,0.860318,1
1.040494,0.154433,1
-0.167861,-0.48382,1
0.426465,0.997589,1
0.436795,0.104234,1
-0.465864,0.067546,1
-0.546006,-0.868762,1
0.622312,0.284414,1
0.509688,0.881505,1
0.620563,0.22835,1
0.85725,-0.671118,1
1.060398,-0.380307,1
-0.550574,-0.610252,1
0.854626,-0.17233,1
-0.034135,-0.018311,1
0.655937,0.858635,1
0.638324,0.030895,1
0.222787,-0.414236,1
-0.755385,-0.648495,1
-0.590759,-0.564941,1
-0.94863,-0.693034,1
0.163433,0.263014,1
0.564339,0.992619,1
0.155052,0.580078,1
-0.580772,-0.17694,1
0.484564,-0.434955,1
1.080483,-0.306667,1
0.635704,-0.563401,1
-0.980787,0.12691,1
-0.919411,0.649461,1
-0.753007,-0.195943,1
0.011188,-0.489718,1
-0.333126,0.620329,1
0.455174,-0.518463,1
-0.00594,0.961309,1
-0.503314,-0.527291,1
0.703687,0.526678,1
1.016092,-0.557092,1
0.056623,0.269662,1
0.206158,-0.064831,1
0.796905,-0.646065,1
0.796853,0.107234,1
0.242114,-1.088646,1
0.161436,-1.078477,1
-0.786555,0.448116,1
0.798472,-0.755166,1
0.001304,0.281834,1
-0.133434,0.043841,1
0.589138,-0.572047,1
0.941217,0.131224,1
0.093949,0.874907,1
-0.518883,-0.343309,1
-0.396081,0.440444,1
-0.449959,-1.003387,1
-0.143215,1.073138,1
-0.337558,0.612475,1
-0.092153,-0.713471,1
0.614304,-0.225856,1
-1.149714,0.126845,1
0.301934,-0.229059,1
-0.714834,0.865406,1
-0.5355,0.411802,1
-0.53908,-0.729739,1
0.004133,1.113172,1
-0.368599,1.034293,1
0.273292,0.855253,1
0.746092,-0.637535,1
0.74211,-0.629121,1
-0.349794,0.035115,1
-0.957372,0.458524,1
-0.39017,0.33843,1
0.363268,-1.053361,1
0.058704,0.224547,1
0.89195,-0.375584,1
-0.082752,0.142115,1
-0.95678,0.341734,1
0.729517,-0.806659,1
-0.129197,0.472128,1
0.145971,-0.852413,1
-0.169943,-0.100867,1
0.31869,0.990968,1
0.673796,-0.538182,1
0.817179,0.854101,1
0.186444,-0.623523,1
0.53214,-0.219304,1
0.108283,0.114105,1
0.38363,-0.950707,1
0.112895,0.231929,1
0.697558,0.687522,1
0.78721,0.327726,1
0.533302,-0.510028,1
-0.760357,0.297018,1
-0.836778,0.804875,1
-0.039233,-0.24181,1
-0.041455,0.985708,1
0.791567,-0.15695,1
0.538268,-0.170167,1
-0.944801,0.364802,1
-0.664354,-0.323996,1
-1.008966,0.117599,1
-0.586613,-0.327906,1
-0.826399,0.641861,1
-0.261191,1.089947,1
0.614613,0.863131,1
0.854434,-0.799484,1
-0.379692,0.177448,1
-0.084142,0.734663,1
-0.313214,1.140179,1
-0.028102,0.794123,1
-0.83208,-0.773619,1
1.062523,0.016815,1
-0.174417,-1.095933,1
0.4473,0.65745,1
-0.741457,-0.7769,1
-0.6603,-0.147151,1
-0.233516,-1.110734,1
-0.734722,-0.143868,1
-0.021935,-0.848389,1
0.300297,-0.850992,1
-0.02433,0.774118,1
0.760093,-0.220243,1
0.482623,-0.336172,1
0.023048,-0.179681,1
-0.293597,-0.237008,1
-1.037089,0.003575,1
0.209883,-0.892722,1
-0.668529,-0.832356,1
1.044223,0.178181,1
0.724322,-0.645972,1
-0.106161,-0.411722,1
-0.939354,0.654076,1
-0.949965,-0.12399,1
0.331705,0.380413,1
-0.257851,0.980145,1
1.161128,0.273347,1
-0.98047,-0.602757,1
0.522778,0.40158,1
0.167452,-0.45982,1
-0.248372,-0.205675,1
-0.065904,0.480932,1
-0.056856,1.056737,1
-0.416361,-0.382198,1
0.198184,-0.668861,1
0.929375,-0.546538,1
0.716798,-0.436879,1
0.253758,0.599888,1
0.377887,0.514961,1
0.450405,-0.226589,1
0.974274,0.592344,1
1.084732,-0.377949,1
0.588417,-0.901797,1
-0.27231,-0.098128,1
-0.906873,-0.505712,1
0.786379,-0.809734,1
0.310039,-1.089272,1
-0.169512,-0.471964,1
0.051843,1.041639,1
-0.266324,-0.032778,1
0.805428,0.459465,1
-0.074849,-0.578847,1
0.492618,-0.717171,1
-0.575714,-0.847828,1
-0.468064,0.355679,1
0.845203,0.017995,1
0.580861,-0.129889,1
0.904168,-0.568344,1
-0.228753,-1.057709,1
0.184315,-0.520138,1
-0.671467,0.23346,1
0.860747,0.302608,1
0.41938,0.472261,1
-0.861543,0.65521,1
0.094292,-1.037365,1
0.094998,0.267867,1
0.240508,-0.584989,1
0.035093,-0.192279,1
-0.18961,-1.132889,1
-0.317454,-0.440472,1
-0.340882,0.973991,1
0.107715,0.942676,1
-0.97033,0.083667,1
0.327581,0.887735,1
-0.145292,0.707898,1
-0.597462,0.165097,1
0.283308,-0.22294,1
0.428564,0.139253,1
-0.345331,0.937349,1
0.297707,-1.111281,1
-0.363196,-1.016051,1
0.134369,-1.116582,1
-0.04365,-0.48952,1
-0.453088,-0.580029,1
0.738974,0.582708,1
0.607919,-0.531311,1
-0.019047,-0.628289,1
-0.125051,1.132601,1
-0.298213,-0.824835,1
0.291406,-0.181066,1
-1.118283,-0.27618,1
0.790701,0.289926,1
-0.697048,-0.172948,1
0.050893,1.029662,1
-0.420884,-0.611109,1
0.155531,-1.168935,1
-1.120877,0.288749,1
-0.157563,-0.657674,1
0.923198,-0.63082,1
-0.601509,-0.741845,1
0.001529,-0.613068,1
0.135863,0.949339,1
0.548729,-0.921445,1
-0.667838,0.417111,1
0.247657,0.847072,1
0.274994,-0.951917,1
-0.902581,0.526362,1
0.533179,-0.601162,1
0.808961,-0.716644,1
0.642345,-0.268873,1
-0.25029,-1.089732,1
0.428921,-0.390541,1
-0.447872,0.359596,1
0.7492,-0.726525,1
-0.085723,-1.02525,1
-0.060741,0.355649,1
0.228829,0.80683,1
0.089457,-0.183877,1
-0.163533,-0.819495,1
-1.009554,0.235208,1
0.786397,0.745312,1
0.573301,0.896112,1
1.141267,-0.190348,1
-0.42916,-0.172383,1
0.937546,-0.483943,1
-0.045574,-0.580884,1
-0.05215,1.146975,1
0.151387,-0.941188,1
-1.080905,0.169522,1
0.140191,-1.133057,1
-0.019141,0.36533,1
0.451846,0.747514,1
0.957236,-0.570161,1
-0.728195,0.549763,1
-0.949147,-0.568033,1
-0.305698,0.023366,1
-0.926086,-0.591281,1
-0.950859,-0.200922,1
-0.68967,-0.890756,1
-0.543713,0.187683,1
0.18266,-0.372524,1
0.513168,-0.851393,1
-0.705367,0.657527,1
0.442164,-0.155371,1
2.177058,-0.700472,2
1.691636,-1.58158,2
1.588604,-1.097625,2
1.630993,-1.370122,2
1.957612,-0.453224,2
-1.572628,-1.720889,2
-2.05786,-0.473645,2
2.224437,-0.020144,2
-2.01982,-0.865399,2
-0.053677,-2.333044,2
1.868696,-0.486972,2
-1.414546,-1.334059,2
-0.78283,-1.907111,2
-0.686382,-1.922308,2
1.913015,-1.430903,2
-1.865581,-0.711934,2
-0.637037,-2.259492,2
0.850971,-1.73305,2
0.046388,-2.100417,2
-1.872406,-0.792599,2
0.716558,-1.915097,2
-1.735145,-0.819554,2
-1.219081,-1.80732,2
-0.492039,-1.98555,2
-1.249234,-1.997357,2
-0.320726,-2.31453,2
0.484055,-2.182857,2
2.184991,-0.272014,2
-1.014297,-1.986404,2
2.035125,-0.65624,2
-2.146442,-0.070458,2
2.226491,-0.264035,2
0.42823,-1.826925,2
-0.448891,-1.969961,2
-0.483127,-1.919757,2
-1.089611,-1.516229,2
-1.300285,-1.642941,2
1.653364,-1.39313,2
1.69495,-1.287279,2
-0.00932,-1.903803,2
0.388106,-2.092822,2
-1.422241,-1.676094,2
0.224837,-2.171974,2
1.933461,-1.218224,2
2.068895,-1.153152,2
1.998286,-1.067652,2
-1.82123,-0.700679,2
-1.686475,-0.9551,2
-1.918544,-0.21001,2
-1.620287,-1.093616,2
-1.81945,-0.881615,2
1.17348,-1.809433,2
1.253374,-1.511828,2
2.112269,-0.23648,2
1.903365,-0.232194,2
0.338447,-2.014786,2
2.081761,-0.159867,2
0.746088,-2.196401,2
-1.855656,-0.095347,2
2.151861,-1.005499,2
0.573413,-2.303854,2
0.55429,-2.139309,2
1.254273,-2.009763,2
0.46368,-1.900488,2
-1.863058,-1.366634,2
1.857871,-0.472621,2
2.296647,-0.233234,2
1.222657,-1.487368,2
1.883581,-0.442441,2
-0.562077,-2.221269,2
-1.624178,-1.469771,2
1.484007,-1.226121,2
-2.198452,-0.253133,2
-1.967594,-0.55779,2
2.149956,-0.601941,2
-0.051375,-2.005252,2
1.115026,-1.939207,2
-0.649663,-1.963092,2
-1.393763,-1.832154,2
-1.239666,-1.688156,2
-1.891654,-0.117615,2
-0.811328,-2.009621,2
2.010941,-0.226898,2
0.512268,-1.7987,2
-1.877176,-0.766306,2
0.756341,-2.004319,2
-0.686301,-1.81448,2
0.284883,-1.999447,2
-0.62868,-1.749224,2
0.372926,-2.144464,2
-0.163456,-2.152597,2
-2.034784,-0.148793,2
0.483282,-2.068216,2
0.251931,-2.21745,2
0.944258,-2.179929,2
-1.704325,-1.173958,2
-0.267692,-2.300595,2
-1.787759,-1.42361,2
1.871422,-0.556618,2
2.179993,-0.749969,2
1.453914,-1.50953,2
1.405446,-1.857779,2
-1.978359,-0.348887,2
-0.57567,-2.244051,2
-2.318751,-0.102404,2
2.335523,-0.099567,2
-1.889683,-0.680873,2
-1.084547,-1.979792,2
-2.258136,-0.576793,2
-1.309923,-1.692415,2
-2.021331,-0.682401,2
1.702937,-1.510705,2
1.258124,-1.491754,2
-2.203535,-0.245257,2
-1.062651,-1.766871,2
2.273137,-0.06969,2
0.76735,-2.06149,2
0.454008,-2.240766,2
2.01409,-0.545492,2
0.853952,-2.081469,2
-1.982086,-0.295465,2
-1.005143,-1.861135,2
0.808248,-2.180135,2
0.084809,-2.163809,2
0.873401,-2.114756,2
-0.783665,-1.826857,2
1.886334,-0.148327,2
-0.84779,-1.745891,2
-2.227161,-0.620868,2
1.580886,-1.348279,2
-1.245778,-1.789288,2
0.538733,-2.048663,2
-0.028736,-2.136206,2
-1.16985,-1.9121,2
0.012824,-1.89715,2
-0.36022,-2.176449,2
-1.519338,-1.038005,2
0.666706,-2.032796,2
1.69728,-0.768671,2
1.191084,-1.735779,2
1.675578,-1.147226,2
1.394261,-1.429837,2
1.581724,-1.592606,2
-0.80061,-1.909636,2
-0.803906,-2.107343,2
1.580655,-1.772092,2
-1.362382,-1.867553,2
1.712559,-0.743865,2
0.060807,-2.258161,2
-0.182356,-1.841669,2
-0.861933,-2.189818,2
1.85098,-0.554623,2
2.069769,-0.021183,2
-2.02534,-0.819806,2
2.115122,-1.114943,2
1.704441,-1.629846,2
-0.629899,-2.227671,2
0.821626,-1.859087,2
0.879545,-2.046069,2
1.95133,-0.722472,2
2.060756,-0.66492,2
-0.7536,-2.240861,2
-0.172914,-2.248656,2
1.085948,-1.495359,2
0.894509,-2.164669,2
2.203555,-0.282061,2
1.234779,-1.412033,2
-0.874604,-1.794564,2
0.03018,-2.040517,2
-1.618401,-1.478813,2
1.431567,-1.858018,2
0.806906,-1.808066,2
-0.034642,-2.164883,2
0.636203,-2.064201,2
1.861587,-0.594415,2
0.485991,-2.131435,2
-1.081605,-1.473074,2
1.518851,-1.131193,2
-0.640921,-2.218625,2
-2.177572,-0.411268,2
-0.578641,-2.040479,2
2.027761,-0.930926,2
1.828632,-1.550251,2
-1.770522,-1.470543,2
-1.194226,-1.730276,2
0.138415,-2.014583,2
-1.018006,-1.60783,2
1.992254,-1.103715,2
1.885678,-0.78645,2
-0.108757,-2.08124,2
1.944495,-0.129123,2
-1.369905,-1.197773,2
-0.945017,-1.715927,2
-1.838488,-0.240263,2
-0.694373,-1.76089,2
-1.922263,-0.164429,2
-1.274484,-1.604231,2
-0.239841,-2.015189,2
-1.602298,-0.803416,2
-1.918468,-0.527871,2
-1.864927,-0.549081,2
-0.831973,-1.923386,2
1.75275,-1.081931,2
0.3141,-1.996238,2
0.947228,-1.953192,2
0.510549,-2.169402,2
0.078557,-2.091634,2
-1.852589,-1.40934,2
-1.928513,-0.716584,2
2.003887,-0.591358,2
-1.674425,-0.985891,2
1.936729,-0.277914,2
-1.858247,-0.284097,2
-1.295236,-1.901573,2
-1.268167,-1.688926,2
-1.898354,-0.26108,2
2.321885,-0.033441,2
-1.824814,-1.168815,2
-1.533917,-1.726094,2
-0.35435,-2.114695,2
-1.48259,-1.220657,2
-0.423849,-2.25768,2
-2.114039,-0.47963,2
-0.495636,-2.057389,2
-1.799449,-0.873785,2
1.807679,-1.49563,2
1.738496,-1.42912,2
0.94913,-1.91489,2
2.050023,-0.272991,2
-0.562329,-2.278901,2
0.391871,-2.008048,2
1.796665,-0.760862,2
-2.013395,-0.035771,2
-1.834843,-0.562819,2
1.153061,-1.957217,2
0.888949,-2.211017,2
-1.822125,-1.106774,2
-1.141816,-1.826008,2
1.53032,-1.414385,2
-0.809002,-1.77057,2
-1.554886,-1.492087,2
-1.702307,-1.453143,2
-2.124616,-0.955515,2
1.965081,-0.758701,2
-1.956048,-1.052726,2
-1.751582,-0.761014,2
0.163691,-1.929002,2
2.137718,-0.937655,2
0.363001,-2.312532,2
2.031417,-0.381147,2
-0.419432,-2.225754,2
1.29065,-1.410528,2
-1.771132,-0.800123,2
1.978412,-0.078655,2
2.011871,-0.152295,2
-1.642769,-0.862217,2
-1.796492,-0.996227,2
2.041803,-1.108456,2
-1.924379,-1.281212,2
-1.13815,-1.46021,2
-0.895158,-1.874727,2
-1.839245,-0.817472,2
1.58161,-1.649888,2
1.926648,-1.058277,2
-1.815723,-0.407104,2
1.73104,-1.525931,2
-1.699573,-1.162835,2
-2.231334,-0.279334,2
-1.416775,-1.327647,2
-1.41139,-1.619857,2
1.941862,-0.660002,2
1.632807,-1.347463,2
1.998085,-0.543147,2
2.210479,-0.259806,2
-2.077536,-0.267688,2
-2.042766,-0.079501,2
1.624225,-0.958483,2
0.191001,-2.162469,2
-1.511514,-1.230184,2
0.892339,-1.935102,2
-1.853896,-0.530087,2
1.331628,-1.582201,2
-1.973535,-1.251677,2
1.156048,-1.447184,2
-1.999438,-1.21885,2
-0.786289,-2.219501,2
0.346938,-2.09611,2
1.663436,-1.562979,2
-0.812612,-1.652226,2
2.010874,-0.617865,2
-0.294834,-2.303901,2
1.084412,-1.856139,2
-1.510855,-1.624829,2
-1.806732,-0.045907,2
2.200726,-0.645805,2
-0.624111,-2.013159,2
-0.040762,-2.150074,2
-1.851076,-0.094172,2
1.916628,-0.36879,2
-0.401268,-2.12314,2
-1.432156,-1.118179,2
2.132064,-0.692956,2
-0.101661,-2.298962,2
-2.000319,-0.921251,2
1.041938,-1.574227,2
1.573069,-1.050955,2
1.544035,-1.664531,2
2.212826,-0.823096,2
1.770873,-1.270964,2
1.850493,-0.572643,2
0.454886,-1.961559,2
1.609241,-1.031372,2
1.5331,-1.777308,2
1.37512,-1.389095,2
2.271857,-0.680486,2
-0.353805,-1.968343,2
-0.402282,-1.812958,2
1.338233,-1.720374,2
0.599071,-2.154696,2
0.320859,-1.850844,2
1.899784,-0.814262,2
0.267961,-2.094705,2
0.686276,-2.186386,2
1.800037,-1.471541,2
1.224583,-1.717514,2
2.009437,-0.433403,2
1.187871,-1.414547,2
2.196939,-0.590636,2
-0.474569,-1.882277,2
2.066652,-0.223613,2
-2.283947,-0.13854,2
0.09763,-1.823814,2
1.282003,-1.515698,2
-2.211916,-0.302601,2
1.543496,-1.829317,2
-1.951014,-1.154848,2
0.647434,-1.75744,2
-1.816562,-0.204629,2
-1.310082,-1.84396,2
-0.987017,-1.829705,2
-1.770832,-0.658887,2
-2.169527,-0.089284,2
1.896492,-1.319152,2
-2.280107,-0.092884,2
1.128399,-1.577336,2
-2.194966,-0.134284,2
1.435054,-1.351009,2
-1.943672,-1.213175,2
0.362546,-1.897722,2
1.946824,-0.856687,2
0.204162,-2.167546,2
1.764561,-1.276048,2
-2.034549,-0.661591,2
2.021623,-0.315808,2
-1.602933,-1.31976,2
-1.680883,-1.206002,2
-2.054733,-0.596349,2
0.488604,-2.081075,2
2.171931,-0.397544,2
0.58851,-2.135644,2
2.095404,-0.834041,2
1.857619,-0.404175,2
2.059924,-1.206218,2
-1.980972,-1.191368,2
1.691869,-1.624327,2
0.460464,-1.869034,2
-1.76424,-0.47025,2
1.801119,-0.47417,2
0.999815,-2.028851,2
-1.647005,-1.314143,2
0.12989,-2.072561,2
1.157678,-1.809962,2
-1.794228,-0.201094,2
0.460471,-2.326785,2
0.174849,-1.849353,2
-0.924216,-1.773252,2
0.061618,-1.842466,2
1.050002,-1.534627,2
-0.509959,-2.182583,2
0.665078,-2.059436,2
2.273954,-0.532991,2
-2.109243,-0.237226,2
1.551183,-1.144141,2
-1.510836,-1.239265,2
1.527138,-1.453529,2
0.079772,-2.170927,2
-1.675477,-1.391447,2
0.180534,-1.996024,2
-0.465428,-1.901906,2
-1.935958,-0.64312,2
1.020776,-2.007996,2
-1.557629,-0.942325,2
1.804805,-0.521106,2
-0.976708,-2.03496,2
0.360661,-1.867176,2
-1.433196,-1.206096,2
-1.834257,-0.694833,2
2.144649,-0.431363,2
-0.941686,-1.75684,2
2.178224,-0.586544,2
2.29755,-0.723473,2
-2.248044,-0.488783,2
0.359776,-2.159283,2
0.736896,-1.966343,2
-1.209225,-1.343626,2
1.041484,-1.859917,2
2.039782,-0.367688,2
1.059077,-2.059781,2
0.425681,-2.29083,2
1.386259,-1.392268,2
0.098136,-2.145934,2
0.612571,-2.086014,2
-0.974248,-2.10224,2
1.198824,-1.731179,2
-0.697292,-1.835142,2
2.35834,-0.198862,2
-1.917408,-1.206751,2
2.246976,-0.423657,2
-0.851805,-1.945003,2
2.061665,-0.063021,2
0.828662,-1.995545,2
1.627709,-1.617597,2
-2.300459,-0.029711,2
0.513842,-2.151698,2
-1.546609,-1.121423,2
-2.185774,-0.32322,2
-2.134847,-0.237457,2
2.232626,-0.502017,2
-0.441734,-1.779793,2
-0.925402,-1.566519,2
1.857467,-0.442907,2
1.798381,-0.645306,2
1.392455,-1.786003,2
1.919666,-1.419258,2
1.289269,-1.413463,2
-0.185369,-2.360914,2
-0.337558,-2.142124,2
-0.718866,-1.885305,2
0.983161,-1.72407,2
2.005051,-0.535208,2
-1.454964,5.142118,3
-1.057988,-5.410215,3
4.307847,1.268187,3
3.1095,-2.005986,3
3.993878,0.824427,3
-0.614424,3.765698,3
-3.649076,-2.347055,3
4.224283,-0.59997,3
-4.015337,-0.278058,3
-1.514353,-3.334022,3
-1.807919,2.899983,3
2.144544,-4.322139,3
-3.772723,-1.604135,3
1.670984,-3.482231,3
-2.0577,3.75302,3
-0.157593,-5.023431,3
4.39268,0.511083,3
4.340898,-0.940292,3
-1.945673,-4.473274,3
-0.691393,3.89048,3
2.482026,3.651568,3
1.64516,4.130759,3
3.103933,3.460524,3
4.135757,-3.182908,3
1.359533,-4.749443,3
-2.487134,2.682149,3
-3.482033,3.37677,3
3.515435,2.013046,3
-3.827125,-3.868041,3
-3.156754,-2.668298,3
-0.398425,-4.603268,3
1.124422,4.926524,3
-2.158504,-3.315526,3
-1.493861,4.731661,3
3.3572,1.512401,3
-1.028914,-5.374847,3
2.502521,-2.765907,3
5.2247,0.122577,3
4.208534,-2.992444,3
-4.621843,-0.818729,3
1.032722,-3.927379,3
4.246743,-1.359394,3
0.342731,3.379204,3
4.090943,-3.536839,3
1.761767,-4.811668,3
-3.984736,-0.129234,3
-4.633099,0.510229,3
2.4643,3.08406,3
-0.746093,5.554849,3
2.980517,3.458137,3
5.305989,1.280254,3
2.151635,2.930364,3
3.404736,4.448072,3
-5.525762,0.203072,3
3.045358,-4.411187,3
2.297611,4.518647,3
-1.827659,3.558264,3
0.621217,4.008708,3
2.114488,-5.191535,3
5.129406,-1.12811,3
0.521905,4.607341,3
0.697677,4.996593,3
0.716482,4.892395,3
0.08838,-4.701551,3
5.178028,-0.099189,3
0.608955,-4.789736,3
-3.928413,0.607126,3
0.693944,4.924843,3
1.136491,-3.429504,3
0.399542,-3.734183,3
-5.116546,0.523269,3
-4.395169,-2.406914,3
3.341635,-0.861689,3
4.298648,-0.519804,3
-2.533035,3.574784,3
0.636524,-3.518375,3
-1.522415,-4.995999,3
2.989922,-3.406694,3
-1.048461,-4.540681,3
3.897135,3.313877,3
-0.649525,3.987922,3
4.264501,-3.253347,3
-0.012066,-4.172751,3
3.435851,2.473377,3
-4.178479,2.514811,3
3.814151,2.124075,3
0.157232,-5.246528,3
3.315307,-2.271017,3
3.223892,-1.498989,3
3.788325,2.061579,3
-1.573978,-5.124441,3
-2.748547,-1.97436,3
3.647793,-1.214075,3
-3.342702,-3.932749,3
-3.158986,4.306411,3
3.455762,2.399342,3
1.248025,5.441773,3
-0.230799,4.906768,3
1.568444,3.868798,3
-3.939905,2.88957,3
2.219289,-4.51779,3
4.097978,-3.082607,3
-4.166587,3.197442,3
-3.084609,1.878269,3
2.059718,-4.018763,3
-0.005392,-3.941409,3
-2.099765,3.411461,3
-4.105439,1.721475,3
-2.02514,4.889679,3
2.560278,-3.74619,3
-2.167205,-3.637265,3
-3.127038,-1.840672,3
0.886786,4.378302,3
-1.231906,-3.424565,3
4.626334,2.646779,3
-0.072989,-3.553949,3
-4.766063,-0.734636,3
5.155728,0.337572,3
-4.749668,2.060242,3
3.803113,2.162787,3
-2.352155,-2.857935,3
4.541931,-2.477303,3
5.009096,-0.638909,3
-2.686153,2.236018,3
-2.874024,-2.359627,3
4.47711,-3.340618,3
-3.883234,3.955596,3
1.571626,-4.224458,3
-4.727356,-2.847637,3
-4.694419,0.976321,3
-1.856122,-3.286803,3
2.304122,3.068464,3
4.142364,0.762487,3
0.063617,3.942004,3
-2.551387,-2.985549,3
-2.011636,-3.380676,3
-1.392731,-4.757009,3
0.705523,-3.400412,3
2.55637,-2.376142,3
-3.786416,0.44997,3
-4.396744,1.955324,3
-1.796703,3.343624,3
-1.14588,4.17884,3
1.098441,3.451823,3
-3.37885,-3.943839,3
2.402568,3.117843,3
4.971955,2.388381,3
0.527584,-4.931275,3
4.75753,0.501347,3
-2.935606,1.827261,3
3.540236,1.152304,3
3.779077,3.788709,3
0.025845,-5.120563,3
-3.957688,0.255121,3
-4.1205,1.853676,3
0.369338,-3.885781,3
-4.844107,0.790747,3
-3.99064,-1.906975,3
-1.652557,3.980771,3
1.583603,-4.905391,3
0.56006,-5.333004,3
0.637274,-5.146637,3
-4.238557,-3.098603,3
-4.130225,-0.517695,3
-1.163066,4.192217,3
-5.030886,2.021914,3
-4.469395,1.63732,3
-1.417199,-4.881722,3
-5.011148,-1.801173,3
-3.538414,3.809207,3
4.197677,-1.042659,3
-3.398521,3.561281,3
-5.500841,-0.66854,3
-0.189141,-5.240798,3
-4.721846,-1.997895,3
-2.920718,-2.476776,3
0.915377,-3.590932,3
-3.70595,-1.913194,3
-4.904933,1.642851,3
3.099472,1.727165,3
4.036285,1.73022,3
4.312088,0.625274,3
4.174728,0.063557,3
0.539058,3.417818,3
0.245817,4.261828,3
-1.769832,-3.65638,3
-2.070978,4.088372,3
0.984524,-5.373098,3
4.049024,0.762831,3
-3.852735,1.396601,3
-0.103536,3.487649,3
-0.314584,-3.536296,3
-1.587582,-4.41766,3
3.438181,0.571926,3
0.328262,4.859914,3
-4.019863,-2.011318,3
3.469725,-4.343079,3
-0.307926,-4.600485,3
3.749145,-0.409156,3
-3.264076,-2.247777,3
-3.240823,1.758011,3
1.118131,4.525397,3
-4.294591,-0.664096,3
-1.315361,-4.337845,3
-3.834311,3.245377,3
4.044866,-3.003364,3
-2.414782,4.131445,3
-4.423881,-1.481496,3
1.04222,4.701931,3
0.994643,-3.736707,3
-4.163457,2.140194,3
-0.538123,4.573395,3
-1.732222,-4.027627,3
4.433091,2.833937,3
-0.134417,4.731732,3
1.428018,4.465546,3
3.786082,3.472025,3
-3.443343,3.847498,3
-5.196499,2.067562,3
1.335295,3.098824,3
-3.616696,-3.477023,3
-0.181373,4.871429,3
-4.786591,-0.844749,3
1.291331,4.256059,3
-4.867881,-2.288487,3
5.255311,-1.950482,3
-4.783878,-0.116615,3
-3.18781,3.701478,3
-2.082602,4.348897,3
3.17938,3.381416,3
3.784269,-4.147294,3
2.082186,4.016915,3
-2.098295,4.952257,3
-3.657642,-3.86259,3
1.802574,-3.771468,3
-0.193213,-5.433493,3
-3.425752,-3.824569,3
5.078938,-1.185982,3
4.176053,2.020527,3
1.577394,5.153633,3
3.037899,-1.726801,3
0.769394,4.466959,3
-2.624349,-4.108419,3
-4.705078,-2.331986,3
-0.672801,3.887982,3
0.215083,-5.151122,3
0.775767,5.303081,3
-2.843862,4.608714,3
2.855857,-4.604449,3
4.108896,-2.292351,3
-2.219539,3.164832,3
1.92712,3.218188,3
-2.294762,-3.406386,3
-3.943791,-2.209948,3
-3.933201,-3.513351,3
-0.355724,5.592032,3
-0.843293,-4.944807,3
-3.426324,3.247354,3
-3.393198,-3.126066,3
0.493108,-4.396018,3
4.327801,-0.827873,3
-5.032301,-1.382829,3
-1.001917,5.354791,3
-2.476494,-2.359788,3
-0.141373,5.293388,3
-0.873001,-4.689061,3
0.298258,-5.286402,3
-3.962532,-2.92407,3
-2.373395,-3.693579,3
-4.466019,-3.30514,3
-3.196719,1.867964,3
-3.7348,0.392571,3
-1.12561,-4.716407,3
5.248001,-1.511341,3
3.473689,0.169366,3
0.909699,-4.51316,3
3.224538,-1.773242,3
0.471891,4.961109,3
2.148231,-4.429352,3
-2.832833,-2.662434,3
0.923365,-3.517343,3
-1.20009,3.989032,3
5.073377,1.807356,3
5.036181,-0.998216,3
-3.191922,-4.575779,3
3.474235,2.538598,3
1.144661,-4.09429,3
2.563717,-3.4023,3
-1.528566,4.547806,3
2.052916,-2.884006,3
-2.252782,2.792855,3
0.165211,-4.878264,3
-4.675804,-1.852937,3
-5.264599,-1.071051,3
4.625187,-0.886732,3
-3.624263,-1.325026,3
-4.676864,-1.303118,3
-3.067194,4.650112,3
5.020367,-2.242836,3
-1.546533,-3.103595,3
-1.183762,-3.888476,3
-2.514612,4.005528,3
-4.78008,-1.642891,3
3.178368,-4.152773,3
4.945418,1.976126,3
0.482009,4.627582,3
-3.42177,-4.440338,3
3.195401,4.01536,3
-3.376025,3.383971,3
1.435196,-3.861487,3
-4.963161,0.94396,3
-3.72226,0.906526,3
4.270319,-0.25118,3
3.658062,4.177296,3
-2.166564,-4.388448,3
0.077212,4.81514,3
-3.583014,2.473071,3
-5.350883,1.490056,3
-4.006751,0.912278,3
1.909194,4.472682,3
2.98795,4.328595,3
-0.35052,4.157332,3
-4.015666,2.503704,3
-0.934098,3.362504,3
-3.225395,2.806328,3
1.920761,3.517691,3
1.058463,4.566184,3
5.501498,-0.176469,3
-2.308069,-3.622083,3
-2.517668,4.884825,3
-4.184185,-0.842121,3
5.431637,1.163073,3
2.473424,-3.131485,3
3.58495,-3.27207,3
2.313295,-3.555453,3
-2.777919,3.160164,3
-0.392964,4.401542,3
-1.821104,-5.122147,3
2.757552,4.331152,3
3.774232,2.981614,3
0.479069,3.63688,3
-2.567402,-3.00276,3
2.666284,4.293456,3
-4.736668,0.152002,3
-0.491101,-4.301079,3
5.184942,-0.831397,3
-2.758592,3.904269,3
4.879527,0.226911,3
-3.543537,-1.981764,3
-2.982934,2.214819,3
-3.846243,2.27059,3
1.51369,5.00385,3
-3.464421,-1.607277,3
-4.211899,-0.214013,3
-3.264418,-3.040263,3
-2.087553,-4.307051,3
-0.925727,5.282577,3
-0.266432,3.899851,3
-0.434998,3.899851,3
-1.70398,4.322527,3
2.949007,2.550543,3
1.94497,-4.204865,3
-1.588193,-3.73248,3
-0.784672,3.700539,3
1.180575,4.694094,3
2.707951,-4.077724,3
-2.074186,-3.741673,3
5.015064,-0.63648,3
4.500144,1.500392,3
-3.301671,-3.454267,3
-4.438852,3.248658,3
2.336672,4.276772,3
-4.063985,-1.515082,3
4.969715,-1.099304,3
5.228851,-0.899015,3
3.158689,-3.460998,3
1.071324,-4.591393,3
-3.503704,-3.965701,3
3.552158,2.087146,3
3.6898,4.200314,3
-4.270818,0.04495,3
-0.95114,-3.564689,3
5.143568,2.060215,3
0.231804,5.223485,3
-0.630766,-3.895061,3
3.980928,2.6376,3
4.490468,-2.119962,3
2.996061,2.344472,3
-3.456175,-3.368236,3
-3.963913,-1.825603,3
-2.632711,-3.33364,3
5.549006,-0.207669,3
-2.375232,2.648455,3
-3.199081,3.741971,3
3.031942,3.251868,3
4.15976,2.762346,3
4.462848,2.647008,3
1.146695,5.373783,3
4.193544,0.143132,3
3.654556,-1.351172,3
-3.648993,1.555004,3
-2.862188,-2.230358,3
-3.539649,-0.013686,3
1.798563,-4.542623,3
0.20494,3.946739,3
1.823919,-5.255079,3
-3.017177,-2.687744,3
2.420111,4.276276,3
-1.395318,-5.212224,3
2.083325,3.877831,3
3.711642,3.918233,3
-3.643076,-1.805308,3
-1.640356,-3.062093,3
-5.339682,-1.556169,3
-3.649315,1.143007,3
-0.725598,5.486469,3
0.593963,4.402854,3
-3.539671,-0.7727,3
2.22093,2.724931,3
-2.434252,2.633228,3
-4.249007,-2.368192,3
-3.039789,1.498684,3
-0.617117,3.581685,3
3.248774,-4.336098,3
5.352904,0.414062,3
0.066373,-3.560367,3
2.606528,-2.385907,3
-3.676851,-0.22372,3
-4.60332,-1.887701,3
-3.857581,3.17916,3
-5.331415,1.171441,3
0.731591,4.869979,3
-4.607251,1.195534,3
-2.04145,-4.570255,3
-1.090629,5.030695,3
-4.051478,-1.90994,3
4.620656,-1.947068,3
3.462889,1.993416,3
-2.198079,-4.89536,3
0.2772,-4.736949,3
2.962954,3.793736,3
-2.632231,-2.538955,3
4.15301,1.595278,3
2.140031,-4.240722,3
-4.945713,-1.423881,3
4.747069,0.649332,3
-0.933269,-3.275839,3
1.501477,3.783281,3
-1.346363,3.423146,3
4.319192,-3.268418,3
3.640519,-2.095726,3
-2.433224,2.478913,3
-3.535581,-2.84366,3
-1.335084,5.0806,3
-2.700725,-4.770423,3
3.939794,1.150386,3
-4.107545,1.276032,3
-2.69763,-3.666958,3
-0.122391,-4.418069,3
4.659077,-1.716593,3
4.374726,-0.440929,3
-3.021397,-3.189699,3
-3.805281,2.411621,3
-1.603093,-3.941125,3
-0.733022,-3.627565,3
3.093362,-4.202896,3
2.130239,-4.843592,3
1.307293,-5.003449,3
0.389582,3.727967,3
-2.530442,2.521382,3
0.942865,-4.271984,3
3.528243,1.815121,3
-1.586889,3.536394,3
1.538166,5.003578,3
-2.501125,4.083161,3
1.236389,-4.400227,3
1.168647,-4.187161,3
3.444616,-4.344616,3
-2.46286,-4.786273,3
-5.0942,2.050923,3
-0.219536,-3.458359,3
-3.563684,3.375229,3
1.667523,4.759022,3
-2.566981,-4.937404,3
-4.58892,-3.058029,3
-0.828907,4.720084,3
3.485873,-3.463521,3
-0.873368,5.450543,3
-4.519687,3.06834,3
-3.309407,1.324019,3
-0.884567,-5.469794,3
-3.532118,0.227042,3
4.717833,-1.60885,3
2.897281,-3.07895,3
1.84629,-2.90224,3
-1.947294,-4.619981,3
4.122456,1.972169,3
-1.309966,4.364363,3
3.701043,1.473998,3
2.505241,3.436133,3
0.754402,-4.948653,3
-3.385469,-2.673517,3
3.854642,-3.479994,3
4.236031,2.008291,3
1.776506,-3.864076,3
-4.182221,2.800268,3
0.979853,5.435139,3
0.672765,-5.548362,3
-1.054797,3.365545,3
0.841361,-3.530749,3
3.518595,1.361857,3
-1.374768,-4.064502,3
4.9288,-1.010125,3
5.556737,0.183238,3
-3.351424,4.485337,3
-5.022316,1.630487,3
4.520942,3.144065,3
0.564689,4.324241,3
4.94758,1.474248,3
-5.484995,-0.363617,3
-4.106738,-2.809301,3
1.150917,3.58723,3
-2.429444,-4.10713,3
3.448013,-4.020418,3
-1.491851,-4.410364,3
-0.047384,3.648047,3
-2.309903,-2.984504,3
-0.090997,5.120241,3
1.151369,-3.730819,3
-1.030455,-3.819531,3
-0.003616,-4.965888,3
2.279155,4.728914,3
5.206198,0.054434,3
3.550646,4.131036,3
2.009109,4.127764,3
5.469628,0.400287,3
-1.232948,-4.6157,3
5.029216,-1.017551,3
-2.494963,-3.34974,3
-3.825803,1.882954,3
3.139011,-2.295378,3
-2.068673,3.272114,3
-3.763715,2.738265,3
3.910845,-3.679003,3
2.714875,-2.524511,3
4.312161,-2.85698,3
-1.748115,-3.983734,3
5.185274,-0.546846,3
2.9565,-4.687195,3
0.414509,-5.227385,3
4.31731,-1.125511,3
-5.251745,0.123268,3
4.717977,-2.812993,3
-0.084128,4.629105,3
1.410045,-4.140252,3
-4.782076,-0.081513,3
-3.95675,3.478156,3
0.979133,3.46089,3
-1.393964,-3.87288,3
4.167552,-2.23893,3
2.911138,1.70704,3
-3.468545,-1.949603,3
-3.366595,4.335095,3
-4.171646,-0.187986,3
-3.670556,0.62999,3
-2.961481,-4.011604,3
2.496286,3.88897,3
3.668572,0.580211,3
1.300131,-3.870984,3
0.300408,3.427559,3
3.385776,0.058733,3
-1.719519,4.889522,3
3.467304,-3.842125,3
-3.421685,-4.330958,3
3.987828,-1.359811,3
-2.8208,3.140091,3
1.323042,-4.00601,3
3.972406,-2.347585,3
-0.097117,-4.667415,3
1.092835,3.925567,3
0.143088,4.089596,3
2.2959,-3.677219,3
2.168263,4.752164,3
-2.219798,2.99205,3
-5.518016,0.587073,3
-4.51999,0.828827,3
-4.223987,1.64249,3
-0.143068,4.336193,3
-2.766734,-3.553542,3
-5.100256,-0.98896,3
-4.037235,3.089769,3
-1.27324,-3.857546,3
-3.557119,1.656269,3
0.100993,-4.055184,3
3.600317,-2.081112,3
-3.406552,-3.358308,3
1.928613,-4.598898,3
-1.279427,5.275224,3
-5.30763,0.045146,3
-4.764382,0.735433,3
-3.834167,-3.658838,3
4.645867,2.939477,3
-2.878579,3.68629,3
1.89237,-4.573313,3
2.366001,-3.072852,3
-4.18318,-2.992174,3
-1.278279,4.721933,3
3.708058,-4.171915,3
-1.95076,-4.181274,3
2.494422,4.736518,3
-4.234297,-0.070956,3
-3.15851,-3.132417,3
1.665073,3.960908,3
3.438299,-1.157119,3
-0.291078,5.001902,3
-2.804223,2.421873,3
2.771617,-2.129209,3
-3.953702,-3.902078,3
2.581042,-4.796687,3
3.004418,2.503682,3
-3.291375,-4.36417,3
-3.225361,1.144708,3
5.373898,-0.598391,3
3.587343,-2.945109,3
-2.674346,-3.971363,3
-1.923644,5.251091,3
-2.67739,4.699147,3
-4.102453,-1.296362,3
1.036518,4.253865,3
-4.073571,-1.129234,3
-2.656563,4.776029,3
5.119566,-1.429611,3
-2.913906,3.559766,3
3.530838,-3.26729,3
-0.090741,-3.752265,3
0.013581,4.28471,3
-0.898958,-3.425692,3
4.624443,2.12205,3
3.303919,2.134652,3
0.453046,3.845141,3
-4.621882,0.894209,3
5.165684,-0.853619,3
-0.487161,-3.995648,3
-0.7014,-4.446432,3
2.636348,-3.396139,3
3.491092,-2.849614,3
-2.210245,3.922276,3
-1.946991,-3.482474,3
2.446728,3.347552,3
-2.583726,2.589733,3
-2.341684,-3.258692,3
-1.897447,4.835198,3
-3.957016,-2.05938,3
0.150326,-4.725805,3
-3.080366,-3.041074,3
3.780577,-1.343388,3
2.07338,3.143479,3
-3.043256,2.495357,3
-0.039198,5.532218,3
1.37852,-3.62719,3
4.163454,3.139035,3
4.176226,2.306042,3
3.765623,-2.900237,3
-3.997292,-1.683441,3
3.828149,-0.821435,3
-1.617041,4.147736,3
3.835352,-0.604079,3
3.379459,3.33571,3
-0.838313,4.01958,3
-0.224001,-4.764574,3
-5.461663,0.573866,3
-4.390307,2.810514,3
1.947051,-3.59235,3
-2.809261,4.646694,3
1.916787,-5.111523,3
2.058518,-3.53569,3
0.058841,3.667961,3
-3.710758,1.124476,3
-3.105708,3.74438,3
-3.501877,1.277892,3
2.325219,-3.798864,3
1.326247,5.410545,3
4.016275,-2.4026,3
-1.942814,-5.145016,3
1.179017,5.042794,3
4.006619,1.376049,3
1.413769,4.903402,3
3.41803,4.171019,3
-3.392174,0.9533,3
5.054807,-1.53407,3
1.863966,3.207217,3
3.032347,3.095033,3
4.9422,2.351899,3
-2.800055,4.110263,3
3.58786,0.984872,3
4.094966,1.849963,3
1.660837,3.50583,3
-3.03242,-2.971331,3
-1.598479,-4.298361,3
5.499151,0.152586,3
-4.51609,-2.104177,3
-0.016147,-4.935789,3
-2.539906,2.22101,3
0.546262,4.412403,3
-2.983614,3.350209,3
0.238806,-3.64742,3
0.977454,3.796992,3
-4.245231,-2.691004,3
1.838147,3.712826,3
1.772154,4.854518,3
4.614284,-2.779215,3
0.942621,3.742502,3
3.960822,-1.297278,3
-5.465281,0.858851,3
3.167357,-3.138092,3
-3.091893,-4.116234,3
2.775552,4.066564,3
-1.762147,-4.170403,3
3.558962,-2.266307,3
1.710287,-5.187834,3
0.547634,5.21207,3
1.85458,-3.356712,3
-4.785434,1.128087,3
1.088914,3.44282,3
3.087585,3.052273,3
2.95074,-2.228902,3
-1.625931,4.049728,3
-3.828173,-1.993236,3
4.706984,2.957494,3
-3.034616,4.601579,3
4.845005,1.94149,3
-3.903517,-2.211936,3
2.535862,-2.6399,3
1.579536,5.21428,3
2.516155,4.380046,3
5.338031,-1.00512,3
3.524209,-0.587325,3
4.593416,1.920831,3
1.543652,-4.328174,3
4.666818,1.473783,3
4.263687,3.462,3
2.599721,2.859771,3
1.078505,-3.686267,3
-1.137031,3.938515,3
4.314533,-2.544657,3
4.622593,-0.242002,3
3.595346,-0.655707,3
0.25647,-3.937739,3
-4.723727,2.05593,3
2.331587,-3.788676,3
-5.278689,0.227373,3
1.900378,-3.329488,3
0.981015,-4.990023,3
-3.644708,-0.445164,3
3.796686,2.50029,3
-3.816293,1.385751,3
-2.020831,-4.041566,3
1.511572,-3.058702,3
4.567355,-2.540516,3
2.319924,-4.817012,3
-4.460823,2.215051,3
5.201503,-1.017014,3
-0.229356,-5.190109,3
-3.027794,-3.807963,3
3.825572,-1.061042,3
2.508317,-2.923838,3
-3.929465,-3.489178,3
2.869544,-3.366352,3
-2.13829,3.001377,3
1.968907,-5.101585,3
-3.132219,2.853539,3
4.637911,1.051962,3
-2.524437,4.709845,3
0.354139,3.902344,3
4.603292,1.566751,3
4.422973,3.004102,3
-1.286268,-5.412623,3
2.561422,-3.213084,3
0.832979,4.39278,3
3.667848,-2.597175,3
-2.347022,-3.180727,3
-1.17995,-4.131308,3
-1.755195,-3.648353,3
3.723507,0.746098,3
-3.717988,-1.324834,3
-2.293044,-2.676609,3
-2.887544,4.171154,3
-1.961959,4.792254,3
2.135266,3.986709,3
-4.06209,3.140404,3
2.836822,-2.796452,3
2.647271,3.50887,3
-4.212485,0.387796,3
-4.885498,-1.689345,3
4.123501,-1.424902,3
5.100218,-0.906178,3
-2.658188,4.05509,3
-4.044744,-1.913448,3
-5.085785,1.948026,3
-3.437548,0.229128,3
3.142312,-2.772668,3
2.160443,-3.874806,3
-2.300039,-2.650069,3
1.194846,4.215315,3
-3.794039,-0.644762,3
3.446747,-0.157684,3
5.133932,1.708346,3
3.235625,-3.139201,3
2.750021,2.564676,3
3.275762,2.489933,3
5.134702,-1.727032,3
-0.78759,4.777453,3
2.401183,-4.985408,3
4.16649,2.246577,3
0.799776,4.838304,3
4.141661,2.294228,3
-3.5192,3.23082,3
2.444936,-3.579428,3
2.769968,4.212668,3
2.349715,4.958885,3
0.712292,-3.81778,3
-4.898352,-0.730715,3
-5.239148,1.202734,3
0.809246,-4.78584,3
-4.524883,-1.070665,3
-4.296578,0.724552,3
2.947198,-1.696422,3
-0.022821,-3.660802,3
-2.441128,-2.506951,3
-4.982481,1.671255,3
-1.349143,3.136826,3
3.618416,-2.643894,3
4.694199,1.437081,3
2.933743,3.37369,3
-4.310287,2.540813,3
-2.596255,-4.710923,3
5.035056,-1.925879,3
4.554286,0.103796,3
-3.213325,3.882702,3
-3.412527,3.291567,3
-3.870031,1.538723,3
-2.966342,3.850225,3
2.932996,3.390758,3
4.939386,2.283698,3
2.490665,4.529473,3
4.335934,-0.52882,3
-4.193417,-1.064576,3
-1.866607,4.374974,3
3.077769,3.405585,3
4.890731,-0.438811,3
4.868577,-0.817121,3
-2.871875,-2.429019,3
-2.989302,-3.024802,3
5.018392,-1.430443,3
0.350037,4.443343,3
-3.740076,2.719946,3
-2.491779,4.163681,3
-2.704671,-2.018458,3
0.58546,-5.024233,3
2.781927,4.229237,3
2.598197,2.763544,3
3.771245,1.920175,3
-4.751917,-2.566841,3
-3.473585,0.924255,3
3.905759,-2.831783,3
0.345847,4.101422,3
-4.001826,-1.885708,3
0.251334,-3.569197,3
-4.171004,-1.354318,3
4.723024,2.436242,3
-0.804389,4.261286,3
-2.839409,-4.435439,3
-2.809726,-3.110328,3
3.65098,-3.752905,3
2.860379,-2.081015,3
4.909242,0.22769,3
2.852668,-3.404875,3
2.473469,-3.236567,3
5.249636,-1.973015,3
4.478385,-1.140949,3
0.96658,5.091855,3
3.492658,2.747596,3
-2.98482,-4.46707,3
2.203665,3.834823,3
4.501403,1.694164,3
4.221331,-0.045618,3
4.483162,2.921077,3
-0.524097,3.659981,3
-3.563939,-4.183029,3
-4.781256,-0.034948,3
