88756,178762,97099,80755,71984,71810,63547,133719,58950,199519,96954,110874,77969,75491,53064,113611,69848,216004,129905,93728,74934,55446,45125,101442,b
4,13107,77520,141310,69578,64823,34089,19569,1,22627,65318,122024,121373,39826,21416,27415,8,30465,50484,117955,128649,47667,24234,20538,b
1090,25447,17417,11891,6872,4251,3246,6586,2213,25408,17039,11766,6481,4236,3584,6073,2347,26714,15388,11377,8149,4632,3622,4571,b
54546,55122,42099,38192,47282,32204,21142,16613,50433,51689,38956,33734,49091,34705,27794,20798,93061,49148,40904,52400,31967,14386,11725,13609,b
21571,71563,56550,69024,69894,57850,44891,87857,40073,80154,71407,69068,52441,43287,28763,94007,53820,119574,78539,39440,34808,30606,22595,99818,b
130746,91077,85829,63176,28687,16721,13275,50489,113537,76071,78843,75330,54971,20398,10891,49959,103038,77887,73278,76510,60087,25220,12096,51884,b
33757,37909,40236,20891,19039,16967,9653,18156,13074,38436,37204,40179,21850,18658,11960,15247,14442,34458,39218,40307,21650,19190,11652,15691,b
15692,15155,14753,15775,16531,12084,16210,13800,24285,19526,16942,11871,17489,8381,10984,10522,33811,28093,12152,5824,10547,7523,12168,9882,b
60298,90440,75786,70187,53468,42308,29139,56774,80380,130753,58443,33156,45801,41965,28887,59015,130138,88240,50527,43438,50160,39204,27012,49681,b
470610,256130,275366,284070,190133,121186,84262,238243,468637,292146,261402,276934,204846,112109,72196,231730,493543,301277,232670,251682,216310,104319,98068,222131,b
60006,83743,64804,41382,20223,20321,4980,11741,62921,92844,56638,37774,17895,21616,5000,12512,88806,86182,48775,30621,20272,17005,3744,11795,b
40600,29572,31045,29918,20517,13929,7585,14334,27913,35355,30517,28519,23868,18131,8278,14919,4126,22439,51288,45100,26886,17411,7134,13116,b
6446,11555,17363,9225,11634,13220,5219,2138,8153,11861,16346,9725,11588,10905,5984,2238,4845,8887,16841,10928,13772,12985,5217,3325,b
66,10573,8031,6799,9448,6061,8282,13364,2601,12813,6004,3208,5370,8529,8176,15923,4612,13145,3890,2752,3750,6124,11230,17121,b
20841,25584,20937,18211,11742,6198,4113,12374,23851,24511,22811,18211,10848,4230,2708,12830,25971,28620,21134,17673,8606,3624,2661,11711,b
69485,86154,60428,43858,12614,6163,8521,32747,56152,73511,63754,53227,22567,6412,7055,37292,31654,85286,71699,51543,26531,8491,6938,37828,b
27355,38777,16632,8874,4960,4091,3023,2688,16650,21664,26514,18207,7962,4370,4156,6877,19013,25762,23041,17291,7924,5369,2616,5384,b
9855,70453,73113,57590,29851,22915,21723,21700,4290,69714,64986,67369,30839,20586,25831,23585,14457,89192,61757,44452,32760,29735,16296,18551,b
12932,31787,19079,11368,8933,6375,4145,5391,7967,20456,20957,10417,14863,11677,6510,7163,6826,23891,19235,14093,15052,9413,5368,6132,b
7628,49845,88721,65630,20645,5560,1778,12493,21263,42532,88477,67361,13016,5111,2407,12133,3386,33137,81452,83169,26548,9994,2652,11962,b
72411,93454,63513,92508,35405,35820,52974,33115,74527,97125,69236,88236,37041,46384,35602,31049,73494,94625,69052,80997,51641,39617,25437,44337,b
39222,104318,68691,39345,52431,26950,16569,29130,47848,110460,56028,25817,34216,46317,24488,31482,35929,83379,83297,33516,34098,43112,29984,33341,b
39166,18133,13742,14174,7468,9519,4812,12986,40601,17635,12575,16002,8583,8501,3438,12665,43465,16893,13613,14892,8318,7213,3355,12251,b
159606,69075,27154,15864,19537,16144,16034,33316,112150,45374,59297,34898,17091,22317,20114,45489,87547,58378,63931,38529,20270,20691,18361,49023,b
16841,14607,7956,4879,547,116,483,1226,11755,17019,6143,3016,3359,3389,588,1386,7198,18143,5898,1970,1846,1885,2467,7248,b
192861,686081,839998,731002,375042,121751,41724,157269,210026,897543,862970,655144,163339,64837,40676,251193,90251,464145,699954,607979,504524,169891,96816,512168,b
7463,23731,38990,22134,17233,15272,11133,31544,7004,29150,40944,18267,13819,13903,12614,31799,7761,29671,38135,17804,14348,14768,15947,29066,b
37172,110202,73817,49293,21898,17822,14240,28674,39429,125374,70691,35832,24319,18921,8126,30426,37631,112920,76712,39001,24841,23343,9446,29224,b
97283,93751,129521,81369,40668,25400,28761,12847,132199,159296,91168,41859,22959,22502,27637,11980,140644,130272,103514,40167,26149,26145,30438,12271,b
33969,43341,39291,34864,20859,11178,7753,10745,48647,39621,34717,33090,19872,9298,6792,9963,57030,38506,28646,29400,18855,12565,7180,9818,b
7534,20870,22412,32893,38045,35640,31190,34715,10924,16835,15873,27963,42553,38880,34908,35363,11951,12047,16686,33301,57060,51214,28136,12904,b
334,20308,39365,41989,64720,71812,78649,56567,483,34866,51952,47507,83659,69851,58300,27126,497,41156,56677,46242,66235,80827,47083,35027,b
13041,56738,67418,58685,29074,19403,16250,8191,9683,65563,65873,44169,31417,24711,20055,7329,23159,76894,53250,34814,29982,23663,19604,7434,b
108669,191442,182092,107825,60772,42553,24593,68486,74771,136023,197985,151205,67901,49230,31188,78129,61336,106700,149954,209944,85282,54703,32295,86218,b
46,7110,34275,16426,6534,5158,3955,3296,17,6087,38124,13708,6341,5215,3908,3400,0,50,9789,29320,9824,6084,6417,15316,b
19153,12620,11002,10715,7902,6268,5751,8139,21925,9177,10766,10504,8150,7119,5695,8214,3324,6200,9090,16276,13981,11388,8820,12471,b
14436,100100,235002,558780,524975,243071,99658,143978,68466,258550,548376,359995,294306,150036,89675,150596,115860,551314,373765,258858,224471,120495,117012,158225,b
419,9292,21215,27910,17178,14320,4007,11793,591,11967,21337,28271,15990,11486,4240,12252,345,10969,21448,28845,15168,11667,4669,13023,b
9148,113450,293456,421777,439495,655900,476726,686816,26528,185740,403140,321391,437303,595044,430289,697333,12587,189222,442399,344726,390813,525479,468863,722679,b
25964,16901,15785,9444,5842,4684,3605,9215,29267,11491,16212,9339,6933,4070,3533,10595,21269,9913,14421,13100,6941,5848,5751,14197,b
44244,53510,57186,28197,20221,14958,7643,5291,20748,33197,47483,54222,31808,20660,13239,9893,10990,26019,31832,35172,47800,25307,17780,36350,b
11705,35796,38208,40884,49625,49471,16072,8080,21408,27743,39226,46989,66068,29980,11039,7388,10059,23752,34746,50089,69804,34701,13054,13636,b
89668,111397,118226,59621,37842,16903,9402,36941,118441,99312,114118,40606,19363,15742,16616,55802,83977,59559,65867,86862,53064,42277,25713,62681,b
1350,16159,25062,29176,29238,27171,9578,14366,1358,17062,20052,30094,31240,27465,15314,9515,1422,15771,20190,30239,30507,26033,18824,9114,b
34694,41645,30128,21135,20399,20033,11840,7626,30952,43762,28856,21756,23450,20817,9905,8002,36487,45362,24864,18833,24061,21297,9120,7476,b
20095,27873,16723,14767,14408,10124,7446,8564,23075,27455,17858,17684,13267,8550,4398,7713,19693,29336,17926,17652,12209,9505,4654,9025,b
122778,116026,47978,32134,33811,34205,30458,62610,163774,93180,35244,31168,33915,31674,27126,63919,196710,61329,34081,34127,33895,29322,26046,64490,b
42863,30722,36886,39473,22584,9352,6439,8289,40466,28604,35680,39725,25261,12134,6343,8395,41033,29660,35382,38713,26410,11099,5685,8626,b
623896,193468,165815,87480,40285,42901,19579,55376,613390,204256,171047,98635,48741,20815,12339,59577,536238,217651,192290,115213,51746,27490,22978,65194,b
590705,1952484,1486180,1724599,451913,322755,155884,393368,654399,1248815,891345,1450669,1559604,391463,336788,544805,15352,150337,413852,1317208,2388600,1347832,549242,895465,b

